0: 20 812 3
1: 51 1603 4
2: 106 1367 4
3: 123 705 0
4: 136 1673 5
5: 165 1287 2
6: 174 1435 0
7: 184 137 1
8: 198 774 0
9: 208 454 6
10: 218 697 2
11: 221 1754 4
12: 241 63 0
13: 244 734 6
14: 263 1280 3
15: 279 1978 6
16: 303 567 1
17: 350 1164 2
18: 417 1693 3
19: 479 1777 3
20: 483 107 4
21: 513 1009 2
22: 532 160 3
23: 540 1838 0
24: 553 1820 6
25: 563 228 1
26: 619 1650 3
27: 620 524 0
28: 638 1809 1
29: 682 1227 6
30: 704 1697 1
31: 769 1280 2
32: 780 812 1
33: 784 1758 2
34: 839 1930 2
35: 844 111 3
36: 931 1322 6
37: 963 1745 6
12 7 10 0 20 4 9 0.004, 20
12 7 10 14 20 4 9 0.009, 51
12 7 10 14 20 4 9 0.019, 106
12 7 10 14 20 4 9 0.022, 123
12 7 10 14 20 4 9 0.021, 136
0.022
